KFolds MultiClass
Original * Poly-2 SVM 0.583146666667 -> [0.5831, 0.5831, 0.5831, 0.5832, 0.5831, 0.5831, 0.5831, 0.5831, 0.5832, 0.5831, 0.5831, 0.5831, 0.5831, 0.5831, 0.5831, 0.5831, 0.5832, 0.5831, 0.5832, 0.5832, 0.5832, 0.5832, 0.5831, 0.5831, 0.5831, 0.5831, 0.5831, 0.5838, 0.5831, 0.5831]

AdaBoost DecisionTree 0.676563333333 -> [0.6766, 0.6766, 0.6766, 0.6766, 0.6766, 0.6766, 0.6766, 0.6766, 0.6766, 0.676, 0.6766, 0.6766, 0.6766, 0.6766, 0.6766, 0.6766, 0.676, 0.6766, 0.6766, 0.6766, 0.6767, 0.6766, 0.6766, 0.6766, 0.6766, 0.6766, 0.6766, 0.6766, 0.6766, 0.6766]

GradientBoosting 0.677013333333 -> [0.6789, 0.6823, 0.6777, 0.68, 0.6812, 0.6789, 0.676, 0.6755, 0.6795, 0.6766, 0.6789, 0.6726, 0.6789, 0.6765, 0.68, 0.6812, 0.6737, 0.6783, 0.6737, 0.6737, 0.6738, 0.676, 0.6703, 0.6777, 0.6761, 0.6794, 0.6755, 0.6749, 0.6783, 0.6743]

One-vs-Rest 0.583126666667 -> [0.5831, 0.5831, 0.5831, 0.5832, 0.5831, 0.5831, 0.5831, 0.5831, 0.5832, 0.5831, 0.5831, 0.5831, 0.5831, 0.5831, 0.5831, 0.5831, 0.5832, 0.5831, 0.5832, 0.5832, 0.5832, 0.5832, 0.5831, 0.5831, 0.5831, 0.5831, 0.5831, 0.5832, 0.5831, 0.5831]

RBF SVM 0.620653333333 -> [0.6216, 0.6198, 0.6187, 0.6227, 0.6221, 0.6193, 0.6227, 0.6238, 0.621, 0.6226, 0.6199, 0.6192, 0.6233, 0.6176, 0.6215, 0.6187, 0.6221, 0.621, 0.6215, 0.6199, 0.6211, 0.621, 0.6209, 0.621, 0.6176, 0.6198, 0.6221, 0.6158, 0.6192, 0.6221]



KFolds BinaryClass
Poly-2 SVM 0.733943333333 -> [0.7339, 0.7339, 0.734, 0.7339, 0.734, 0.7339, 0.734, 0.7339, 0.7339, 0.7339, 0.7339, 0.734, 0.734, 0.7339, 0.734, 0.734, 0.7339, 0.734, 0.7339, 0.7339, 0.7339, 0.734, 0.7339, 0.7339, 0.734, 0.7339, 0.734, 0.7339, 0.734, 0.734]

AdaBoost DecisionTree 0.774573333333 -> [0.7764, 0.7752, 0.7746, 0.7741, 0.7741, 0.7758, 0.7724, 0.7724, 0.774, 0.7741, 0.7729, 0.7741, 0.7753, 0.7763, 0.7736, 0.7752, 0.7758, 0.7718, 0.7758, 0.7775, 0.7734, 0.7753, 0.7741, 0.7741, 0.7746, 0.7752, 0.7746, 0.7729, 0.7781, 0.7735]

GradientBoosting 0.779536666667 -> [0.7827, 0.7804, 0.781, 0.7798, 0.777, 0.7804, 0.781, 0.7781, 0.7792, 0.7827, 0.7798, 0.7798, 0.7804, 0.7798, 0.777, 0.7787, 0.7815, 0.7804, 0.781, 0.7769, 0.7734, 0.7804, 0.7764, 0.777, 0.7827, 0.7815, 0.7816, 0.7775, 0.781, 0.777]

NuSVC RBF 0.77026 -> [0.7689, 0.7723, 0.7684, 0.7718, 0.7713, 0.7689, 0.7713, 0.7718, 0.7689, 0.7706, 0.7712, 0.7718, 0.7701, 0.7683, 0.773, 0.7661, 0.7724, 0.7706, 0.7678, 0.7677, 0.7723, 0.7707, 0.77, 0.7689, 0.7712, 0.7712, 0.7735, 0.7689, 0.7684, 0.7695]

One-vs-Rest 0.733943333333 -> [0.7339, 0.7339, 0.734, 0.7339, 0.734, 0.7339, 0.734, 0.7339, 0.7339, 0.7339, 0.7339, 0.734, 0.734, 0.7339, 0.734, 0.734, 0.7339, 0.734, 0.7339, 0.7339, 0.7339, 0.734, 0.7339, 0.7339, 0.734, 0.7339, 0.734, 0.7339, 0.734, 0.734]

RBF SVM 0.745793333333 -> [0.7494, 0.7448, 0.7449, 0.7465, 0.7437, 0.7443, 0.7466, 0.7465, 0.7431, 0.7448, 0.746, 0.7471, 0.75, 0.7437, 0.7489, 0.7448, 0.746, 0.742, 0.7425, 0.7454, 0.7448, 0.7466, 0.7471, 0.7437, 0.7437, 0.7466, 0.7512, 0.7459, 0.7455, 0.7477]



KFolds MultiClass with the best set of hyperparameters for Poly-2 and RBF c=1000, gamma=0.001
Poly-2 SVM 0.58314 -> [0.5831, 0.5831, 0.5832, 0.5831, 0.5832, 0.5832, 0.5831, 0.5832, 0.5832, 0.5832, 0.5832, 0.5831, 0.5831, 0.5832, 0.5831, 0.5832, 0.5832, 0.5831, 0.5831, 0.5831, 0.5831, 0.5831, 0.5831, 0.5832, 0.5831, 0.5832, 0.5831, 0.5831, 0.5831, 0.5831]

AdaBoost DecisionTree 0.67657 -> [0.6766, 0.6766, 0.6766, 0.6766, 0.6766, 0.6761, 0.6766, 0.6767, 0.6766, 0.6766, 0.6767, 0.6766, 0.6766, 0.6766, 0.6766, 0.6766, 0.6767, 0.6766, 0.6766, 0.6766, 0.6766, 0.676, 0.6766, 0.6766, 0.6766, 0.6766, 0.6766, 0.6765, 0.6766, 0.6766]

GradientBoosting 0.67652 -> [0.676, 0.6737, 0.6778, 0.6755, 0.6749, 0.6772, 0.6766, 0.6795, 0.6755, 0.6749, 0.6778, 0.6766, 0.6783, 0.6789, 0.6738, 0.6761, 0.6784, 0.6749, 0.6817, 0.6732, 0.6778, 0.6714, 0.6766, 0.6749, 0.6778, 0.6795, 0.6766, 0.6765, 0.6754, 0.6778]

One-vs-Rest 0.58314 -> [0.5831, 0.5831, 0.5832, 0.5831, 0.5832, 0.5832, 0.5831, 0.5832, 0.5832, 0.5832, 0.5832, 0.5831, 0.5831, 0.5832, 0.5831, 0.5832, 0.5832, 0.5831, 0.5831, 0.5831, 0.5831, 0.5831, 0.5831, 0.5832, 0.5831, 0.5832, 0.5831, 0.5831, 0.5831, 0.5831]

RBF SVM 0.6301 -> [0.6324, 0.6324, 0.6273, 0.6325, 0.6279, 0.6262, 0.6296, 0.6267, 0.6325, 0.6279, 0.6325, 0.6324, 0.6284, 0.6314, 0.629, 0.629, 0.6285, 0.6324, 0.6319, 0.6324, 0.6267, 0.6336, 0.6324, 0.6279, 0.6221, 0.6325, 0.6296, 0.6301, 0.6324, 0.6324]



KFolds BinaryClass with the best set of hyperparameters for Poly-2 and RBF c=1000, gamma=0.001
Poly-2 SVM 0.73396 -> [0.734, 0.7339, 0.734, 0.734, 0.734, 0.734, 0.734, 0.7339, 0.7339, 0.7339, 0.7339, 0.7339, 0.7339, 0.734, 0.734, 0.734, 0.734, 0.734, 0.734, 0.7339, 0.734, 0.7339, 0.734, 0.734, 0.734, 0.734, 0.7339, 0.7339, 0.734, 0.7339]

AdaBoost DecisionTree 0.774083333333 -> [0.7712, 0.7746, 0.7758, 0.7741, 0.7735, 0.7723, 0.7718, 0.7769, 0.7758, 0.7746, 0.7741, 0.7746, 0.7718, 0.7723, 0.7741, 0.7718, 0.773, 0.7764, 0.7747, 0.7752, 0.7747, 0.7747, 0.7747, 0.773, 0.7741, 0.7764, 0.7741, 0.7735, 0.7735, 0.7752]

GradientBoosting 0.779523333333 -> [0.781, 0.7821, 0.7821, 0.7827, 0.7793, 0.7775, 0.7741, 0.7786, 0.7815, 0.7775, 0.7798, 0.7815, 0.7798, 0.7787, 0.7787, 0.7787, 0.7764, 0.7804, 0.777, 0.7787, 0.7816, 0.7816, 0.7798, 0.7753, 0.7798, 0.7793, 0.7787, 0.7798, 0.781, 0.7827]

NuSVC RBF 0.755343333333 -> [0.7684, 0.7695, 0.7724, 0.7604, 0.7409, 0.7586, 0.7333, 0.7569, 0.762, 0.7603, 0.7511, 0.7678, 0.7689, 0.7396, 0.7569, 0.7678, 0.7574, 0.7598, 0.738, 0.7672, 0.7494, 0.7586, 0.7534, 0.7804, 0.7143, 0.7063, 0.7689, 0.7408, 0.7684, 0.7626]

One-vs-Rest 0.73396 -> [0.734, 0.7339, 0.734, 0.734, 0.734, 0.734, 0.734, 0.7339, 0.7339, 0.7339, 0.7339, 0.7339, 0.7339, 0.734, 0.734, 0.734, 0.734, 0.734, 0.734, 0.7339, 0.734, 0.7339, 0.734, 0.734, 0.734, 0.734, 0.7339, 0.7339, 0.734, 0.7339]

RBF SVM 0.766843333333 -> [0.7672, 0.7672, 0.7672, 0.7672, 0.7673, 0.7672, 0.7609, 0.7672, 0.7672, 0.7672, 0.7672, 0.7672, 0.7672, 0.7672, 0.7672, 0.7672, 0.7672, 0.7672, 0.7672, 0.7672, 0.7672, 0.7672, 0.7621, 0.7672, 0.7672, 0.7672, 0.7672, 0.7678, 0.7672, 0.7672]



EasyEnsemble Undersampling MultiClass
One vs Rest RBF Kernel 0.319348659004 -> [0.31609195402298851, 0.30747126436781608, 0.33908045977011492, 0.29022988505747127, 0.34482758620689657, 0.33620689655172414, 0.32183908045977011, 0.30747126436781608, 0.33620689655172414, 0.29597701149425287, 0.27873563218390807, 0.28448275862068967, 0.3045977011494253, 0.35057471264367818, 0.30747126436781608, 0.31034482758620691, 0.31896551724137934, 0.33045977011494254, 0.30172413793103448, 0.35344827586206895, 0.32471264367816094, 0.35057471264367818, 0.33620689655172414, 0.33045977011494254, 0.28160919540229884, 0.3045977011494253, 0.34195402298850575, 0.33908045977011492, 0.30172413793103448, 0.33333333333333331]

GradientBoosting Class 0.527490421456 -> [0.32471264367816094, 0.5431034482758621, 0.5545977011494253, 0.31896551724137934, 0.57471264367816088, 0.47413793103448276, 0.50574712643678166, 0.58045977011494254, 0.58908045977011492, 0.58908045977011492, 0.50574712643678166, 0.57471264367816088, 0.56896551724137934, 0.57758620689655171, 0.51724137931034486, 0.56321839080459768, 0.56609195402298851, 0.52873563218390807, 0.49137931034482757, 0.60632183908045978, 0.46264367816091956, 0.54022988505747127, 0.55747126436781613, 0.51724137931034486, 0.50862068965517238, 0.55747126436781613, 0.56034482758620685, 0.50862068965517238, 0.52011494252873558, 0.53735632183908044]

RBF Kernel 0.540229885057 -> [0.60344827586206895, 0.55747126436781613, 0.56321839080459768, 0.62643678160919536, 0.53735632183908044, 0.58620689655172409, 0.60632183908045978, 0.51436781609195403, 0.58908045977011492, 0.5, 0.53448275862068961, 0.51436781609195403, 0.58333333333333337, 0.56321839080459768, 0.46839080459770116, 0.50574712643678166, 0.53735632183908044, 0.55172413793103448, 0.53448275862068961, 0.46839080459770116, 0.47413793103448276, 0.59195402298850575, 0.57183908045977017, 0.5316091954022989, 0.52873563218390807, 0.51436781609195403, 0.52011494252873558, 0.49137931034482757, 0.54885057471264365, 0.4885057471264368]

Poly-2 Kernel 0.511877394636 -> [0.64367816091954022, 0.39655172413793105, 0.40229885057471265, 0.64367816091954022, 0.60919540229885061, 0.60344827586206895, 0.64367816091954022, 0.59195402298850575, 0.57183908045977017, 0.35919540229885055, 0.57471264367816088, 0.5, 0.40517241379310343, 0.55172413793103448, 0.45689655172413796, 0.63218390804597702, 0.61206896551724133, 0.25, 0.63218390804597702, 0.47413793103448276, 0.43678160919540232, 0.53448275862068961, 0.58620689655172409, 0.32183908045977011, 0.50287356321839083, 0.46551724137931033, 0.56321839080459768, 0.46264367816091956, 0.43390804597701149, 0.4942528735632184]

AdaBoost 0.578544061303 -> [0.31321839080459768, 0.58333333333333337, 0.62643678160919536, 0.28160919540229884, 0.62643678160919536, 0.60632183908045978, 0.64367816091954022, 0.5977011494252874, 0.62356321839080464, 0.59482758620689657, 0.56896551724137934, 0.60344827586206895, 0.61781609195402298, 0.63218390804597702, 0.61781609195402298, 0.60919540229885061, 0.57758620689655171, 0.5977011494252874, 0.60632183908045978, 0.62931034482758619, 0.5316091954022989, 0.61781609195402298, 0.61781609195402298, 0.60344827586206895, 0.52873563218390807, 0.59195402298850575, 0.5977011494252874, 0.55172413793103448, 0.52298850574712641, 0.63505747126436785]



EasyEnsemble Undersampling BinaryClass
One vs Rest RBF Kernel 0.693199233716 -> [0.66954022988505746, 0.73275862068965514, 0.7068965517241379, 0.71264367816091956, 0.63793103448275867, 0.66091954022988508, 0.67241379310344829, 0.63505747126436785, 0.6954022988505747, 0.70402298850574707, 0.7183908045977011, 0.69252873563218387, 0.64942528735632188, 0.66091954022988508, 0.67528735632183912, 0.73275862068965514, 0.67816091954022983, 0.7183908045977011, 0.72988505747126442, 0.74425287356321834, 0.72413793103448276, 0.67241379310344829, 0.71551724137931039, 0.6522988505747126, 0.70402298850574707, 0.7183908045977011, 0.69827586206896552, 0.70402298850574707, 0.68678160919540232, 0.69252873563218387]

GradientBoosting Class 0.614559386973 -> [0.58908045977011492, 0.60919540229885061, 0.66091954022988508, 0.66379310344827591, 0.61781609195402298, 0.62068965517241381, 0.59195402298850575, 0.58333333333333337, 0.64942528735632188, 0.64942528735632188, 0.60057471264367812, 0.44827586206896552, 0.56034482758620685, 0.57471264367816088, 0.62931034482758619, 0.69827586206896552, 0.66954022988505746, 0.59195402298850575, 0.51724137931034486, 0.6954022988505747, 0.70114942528735635, 0.58620689655172409, 0.67816091954022983, 0.34770114942528735, 0.66954022988505746, 0.62931034482758619, 0.68103448275862066, 0.67816091954022983, 0.61494252873563215, 0.62931034482758619]

RBF Kernel 0.736685823755 -> [0.66954022988505746, 0.8045977011494253, 0.79885057471264365, 0.77298850574712641, 0.77011494252873558, 0.66091954022988508, 0.67241379310344829, 0.63505747126436785, 0.6954022988505747, 0.70402298850574707, 0.7816091954022989, 0.69252873563218387, 0.75862068965517238, 0.80747126436781613, 0.77586206896551724, 0.7816091954022989, 0.7068965517241379, 0.77011494252873558, 0.8045977011494253, 0.74425287356321834, 0.78735632183908044, 0.67241379310344829, 0.71551724137931039, 0.6522988505747126, 0.75862068965517238, 0.7614942528735632, 0.69827586206896552, 0.79022988505747127, 0.76436781609195403, 0.69252873563218387]

NuSVC RBF 0.331992337165 -> [0.26724137931034481, 0.28448275862068967, 0.2557471264367816, 0.25, 0.29022988505747127, 0.2471264367816092, 0.27298850574712646, 0.27586206896551724, 0.37931034482758619, 0.42528735632183906, 0.43678160919540232, 0.39942528735632182, 0.25, 0.23850574712643677, 0.4454022988505747, 0.29310344827586204, 0.36206896551724138, 0.52586206896551724, 0.32183908045977011, 0.2614942528735632, 0.27011494252873564, 0.33620689655172414, 0.27586206896551724, 0.38793103448275862, 0.3045977011494253, 0.31034482758620691, 0.3045977011494253, 0.4885057471264368, 0.31321839080459768, 0.48563218390804597]

Poly-2 Kernel 0.757375478927 -> [0.7183908045977011, 0.79885057471264365, 0.79597701149425293, 0.81034482758620685, 0.74712643678160917, 0.77298850574712641, 0.72126436781609193, 0.71551724137931039, 0.73275862068965514, 0.74425287356321834, 0.7931034482758621, 0.6954022988505747, 0.76724137931034486, 0.80747126436781613, 0.76436781609195403, 0.77873563218390807, 0.77586206896551724, 0.77298850574712641, 0.79597701149425293, 0.77873563218390807, 0.77586206896551724, 0.7183908045977011, 0.74712643678160917, 0.66091954022988508, 0.76436781609195403, 0.7614942528735632, 0.72988505747126442, 0.7816091954022989, 0.76436781609195403, 0.72988505747126442]

AdaBoost 0.647413793103 -> [0.67241379310344829, 0.70402298850574707, 0.68103448275862066, 0.71264367816091956, 0.63218390804597702, 0.56609195402298851, 0.67241379310344829, 0.62356321839080464, 0.68965517241379315, 0.66954022988505746, 0.70977011494252873, 0.35344827586206895, 0.56896551724137934, 0.58333333333333337, 0.67241379310344829, 0.7068965517241379, 0.69252873563218387, 0.62356321839080464, 0.59482758620689657, 0.73275862068965514, 0.72413793103448276, 0.65804597701149425, 0.70402298850574707, 0.32471264367816094, 0.68678160919540232, 0.72126436781609193, 0.68965517241379315, 0.69252873563218387, 0.67528735632183912, 0.68390804597701149]



Random Oversampling MultiClass
One vs Rest RBF Kernel 0.363122605364 -> [0.35919540229885055, 0.38218390804597702, 0.33333333333333331, 0.36206896551724138, 0.40229885057471265, 0.32758620689655171, 0.29310344827586204, 0.29597701149425287, 0.29022988505747127, 0.35919540229885055, 0.33908045977011492, 0.50287356321839083, 0.45402298850574713, 0.27873563218390807, 0.33045977011494254, 0.38505747126436779, 0.34195402298850575, 0.27873563218390807, 0.38505747126436779, 0.32758620689655171, 0.4511494252873563, 0.34195402298850575, 0.40804597701149425, 0.37356321839080459, 0.32183908045977011, 0.34770114942528735, 0.48275862068965519, 0.33045977011494254, 0.49712643678160917, 0.31034482758620691]

GradientBoosting Class 0.605172413793 -> [0.60344827586206895, 0.58620689655172409, 0.62068965517241381, 0.65804597701149425, 0.6522988505747126, 0.57471264367816088, 0.42528735632183906, 0.60632183908045978, 0.62931034482758619, 0.60344827586206895, 0.58333333333333337, 0.64655172413793105, 0.62643678160919536, 0.65804597701149425, 0.61781609195402298, 0.63793103448275867, 0.56896551724137934, 0.58045977011494254, 0.64080459770114939, 0.63505747126436785, 0.60632183908045978, 0.60057471264367812, 0.59195402298850575, 0.56609195402298851, 0.62068965517241381, 0.58045977011494254, 0.60632183908045978, 0.59482758620689657, 0.63505747126436785, 0.5977011494252874]

RBF Kernel 0.604214559387 -> [0.60919540229885061, 0.64080459770114939, 0.59482758620689657, 0.61494252873563215, 0.60344827586206895, 0.60057471264367812, 0.55747126436781613, 0.55172413793103448, 0.61781609195402298, 0.62643678160919536, 0.55172413793103448, 0.62356321839080464, 0.58620689655172409, 0.62643678160919536, 0.58620689655172409, 0.63218390804597702, 0.60919540229885061, 0.68390804597701149, 0.62931034482758619, 0.57471264367816088, 0.62356321839080464, 0.58333333333333337, 0.60344827586206895, 0.5977011494252874, 0.58045977011494254, 0.54022988505747127, 0.60632183908045978, 0.56321839080459768, 0.65517241379310343, 0.6522988505747126]

Poly-2 Kernel 0.622892720307 -> [0.63793103448275867, 0.62643678160919536, 0.61781609195402298, 0.5977011494252874, 0.62643678160919536, 0.62643678160919536, 0.5545977011494253, 0.61206896551724133, 0.62356321839080464, 0.61781609195402298, 0.59195402298850575, 0.64942528735632188, 0.62643678160919536, 0.66666666666666663, 0.61206896551724133, 0.62356321839080464, 0.63505747126436785, 0.68103448275862066, 0.62931034482758619, 0.61206896551724133, 0.62068965517241381, 0.62931034482758619, 0.60632183908045978, 0.63505747126436785, 0.60919540229885061, 0.58333333333333337, 0.60344827586206895, 0.62643678160919536, 0.64942528735632188, 0.65517241379310343]

AdaBoost 0.604406130268 -> [0.64655172413793105, 0.63505747126436785, 0.60057471264367812, 0.68103448275862066, 0.63218390804597702, 0.57471264367816088, 0.29310344827586204, 0.60344827586206895, 0.60919540229885061, 0.60919540229885061, 0.58908045977011492, 0.59195402298850575, 0.60344827586206895, 0.61494252873563215, 0.61494252873563215, 0.60057471264367812, 0.61781609195402298, 0.61494252873563215, 0.62931034482758619, 0.63793103448275867, 0.61494252873563215, 0.59482758620689657, 0.58045977011494254, 0.62931034482758619, 0.64942528735632188, 0.58045977011494254, 0.62643678160919536, 0.61494252873563215, 0.62643678160919536, 0.61494252873563215]



Random Oversampling BinaryClass
One vs Rest RBF Kernel 0.705842911877 -> [0.66379310344827591, 0.71551724137931039, 0.76436781609195403, 0.70402298850574707, 0.71264367816091956, 0.74712643678160917, 0.67241379310344829, 0.71264367816091956, 0.76436781609195403, 0.74137931034482762, 0.74425287356321834, 0.6954022988505747, 0.66091954022988508, 0.70977011494252873, 0.67528735632183912, 0.67241379310344829, 0.6954022988505747, 0.7385057471264368, 0.70114942528735635, 0.65804597701149425, 0.64942528735632188, 0.71551724137931039, 0.6954022988505747, 0.77298850574712641, 0.68103448275862066, 0.7183908045977011, 0.66091954022988508, 0.74425287356321834, 0.69252873563218387, 0.6954022988505747]

GradientBoosting Class 0.705459770115 -> [0.67241379310344829, 0.74137931034482762, 0.74712643678160917, 0.71264367816091956, 0.73275862068965514, 0.72413793103448276, 0.67241379310344829, 0.68965517241379315, 0.72126436781609193, 0.72701149425287359, 0.71551724137931039, 0.7385057471264368, 0.67528735632183912, 0.68678160919540232, 0.71551724137931039, 0.7183908045977011, 0.70114942528735635, 0.74425287356321834, 0.71551724137931039, 0.7183908045977011, 0.66666666666666663, 0.7385057471264368, 0.57183908045977017, 0.74137931034482762, 0.67528735632183912, 0.74137931034482762, 0.68678160919540232, 0.72126436781609193, 0.67816091954022983, 0.67241379310344829]

RBF Kernel 0.734961685824 -> [0.66379310344827591, 0.7816091954022989, 0.78735632183908044, 0.75287356321839083, 0.77011494252873558, 0.78735632183908044, 0.67241379310344829, 0.71264367816091956, 0.76724137931034486, 0.76724137931034486, 0.76436781609195403, 0.77011494252873558, 0.66091954022988508, 0.70977011494252873, 0.70114942528735635, 0.77586206896551724, 0.6954022988505747, 0.75287356321839083, 0.7614942528735632, 0.77011494252873558, 0.64942528735632188, 0.76436781609195403, 0.6954022988505747, 0.76724137931034486, 0.68103448275862066, 0.7614942528735632, 0.74137931034482762, 0.77586206896551724, 0.69252873563218387, 0.6954022988505747]

NuSVC RBF 0.538793103448 -> [0.54597701149425293, 0.59482758620689657, 0.5431034482758621, 0.5114942528735632, 0.60344827586206895, 0.46264367816091956, 0.5316091954022989, 0.51436781609195403, 0.51724137931034486, 0.51724137931034486, 0.52011494252873558, 0.50862068965517238, 0.54597701149425293, 0.54885057471264365, 0.55747126436781613, 0.52298850574712641, 0.55172413793103448, 0.58620689655172409, 0.50287356321839083, 0.52586206896551724, 0.48563218390804597, 0.52873563218390807, 0.57183908045977017, 0.56896551724137934, 0.57183908045977017, 0.56034482758620685, 0.55172413793103448, 0.52586206896551724, 0.57183908045977017, 0.51436781609195403]

Poly-2 Kernel 0.761973180077 -> [0.72413793103448276, 0.77873563218390807, 0.77873563218390807, 0.75574712643678166, 0.7816091954022989, 0.78735632183908044, 0.74712643678160917, 0.7614942528735632, 0.77873563218390807, 0.7816091954022989, 0.76436781609195403, 0.77298850574712641, 0.73563218390804597, 0.75574712643678166, 0.74712643678160917, 0.77011494252873558, 0.77011494252873558, 0.7614942528735632, 0.75574712643678166, 0.77011494252873558, 0.74712643678160917, 0.77298850574712641, 0.69252873563218387, 0.77586206896551724, 0.75287356321839083, 0.77011494252873558, 0.73275862068965514, 0.78735632183908044, 0.7816091954022989, 0.76724137931034486]

AdaBoost 0.709578544061 -> [0.66379310344827591, 0.75, 0.72126436781609193, 0.7068965517241379, 0.73563218390804597, 0.72701149425287359, 0.67241379310344829, 0.70402298850574707, 0.71551724137931039, 0.75574712643678166, 0.7385057471264368, 0.75287356321839083, 0.66091954022988508, 0.70977011494252873, 0.72126436781609193, 0.75574712643678166, 0.69827586206896552, 0.74137931034482762, 0.69252873563218387, 0.70977011494252873, 0.64942528735632188, 0.74425287356321834, 0.5316091954022989, 0.74425287356321834, 0.68103448275862066, 0.75, 0.72413793103448276, 0.7385057471264368, 0.69252873563218387, 0.69827586206896552]